sampen:
0のとき：
2   [0.2985913180050276, 0.30508525665058583, 0.059670073298400954]
3   [0.16683871306048406, 0.14681130782392243, 0.06337650476693153]
4   [0.1083437749623936, 0.09460455746055932, 0.06761213182652252]
5   [0.08326102447986954, 0.07373979748433472, 0.07247158819630829]
6   [0.06655635149755529, 0.06004547557276067, 0.07810426509353363]
7   [0.055627560605964396, 0.04949588571038339, 0.0776543081713988]
8   [0.046393827079490364, 0.04388702371929946, 0.054725926201140355]
9   [0.04064665968583691, 0.04095750505640663, 0.04311057063171511]

2   0.11379469655983702
3   0.08180841395363195
4   0.0739835430508227
5   0.07362403123400595
6   0.0754256730722039
7   0.07301342440102174
8   0.05292838126125945
9   0.04267149241366049

-7のとき：
2   [0.30684602732032984, 0.3413691778044862, 0.06633001989118051]
3   [0.17714743871574776, 0.18681847754414163, 0.0701114829093041]
4   [0.11874445799085614, 0.12674197323168676, 0.07463492390988004]
5   [0.09329719148316841, 0.10348212921747102, 0.07950255587168166]
6   [0.07749380619934255, 0.08937005035214476, 0.08517779522458999]
7   [0.06656613507751219, 0.0813940391190362, 0.0823854235350941]
8   [0.058012135117308475, 0.0768523766995629, 0.05973764070410853]
9   [0.05137263989068578, 0.07362990199751317, 0.049375392853601534]

2   0.1228004559043519
3   0.0912937547683934
4   0.08313479488964495
5   0.0826879672927424
6   0.08477235162720381
7   0.08079289525560578
8   0.06087415543195592
9   0.051379759450461

randomのとき：
2   [0.4058634668753333, 0.42003566199564013, 0.07055978781844366]
3   [0.26932510020022915, 0.2734711443884856, 0.07557395943029373]
4   [0.2000153052026118, 0.20779174092694314, 0.08129502300398471]
5   [0.15432990735708665, 0.15818790652106124, 0.0880623635495288]
6   [0.12209103572766121, 0.12467568189183288, 0.09231455517881186]
7   [0.09917983840091042, 0.10415256796326652, 0.06857548241006414]
8   [0.08369455666466596, 0.09131617172028184, 0.054262350671381056]
9   [0.07318479371690675, 0.07839063394572268, 0.04556672151112053]

2   0.13989503411549165
3   0.10736067955356805
4   0.09865640101025264
5   0.09695216393608444
6   0.09618890872055379
7   0.07257938199916143
8   0.05815897041270449
9   0.04901474646795805

7のとき：
2   [0.47620050151202886, 0.4841070258871507, 0.09234396242861208]
3   [0.32544775443992824, 0.32150263193037676, 0.10033540494742794]
4   [0.23652610821375467, 0.23701548729167074, 0.11013082440310351]
5   [0.17594657142524406, 0.18614914617399622, 0.11095520880081831]
6   [0.13900903931929318, 0.14603814797670742, 0.07927165939942137]
7   [0.11613175553936796, 0.12086575774145986, 0.06450763277173739]
8   [0.09871497692272548, 0.10469197067327707, 0.05310369189208934]
9   [0.08672387500161595, 0.09408558051615945, 0.04742528641646502]

2   0.17568722241643286
3   0.13775318803495082
4   0.1284223083117063
5   0.12021595528533734
6   0.08716464146937562
7   0.07091112266034286
8   0.05860532936008132
9   0.052087590310524394

lyap_e:
-7のとき：
第0列: [ 0.05614462  0.00435965 -0.06423434 -0.26252377]
第1列: [ 0.06613147 -0.00410831 -0.07981669 -0.2405302 ]
第2列: [ 9.77866173e-01  1.36986235e-02  2.23494004e-04 -3.10628414e-01]

0のとき：
第0列: [ 0.0245355  -0.01159262 -0.09379178 -0.2616494 ]
第1列: [ 0.02046986 -0.03451984 -0.10878911 -0.22269762]
第2列: [-2.9249146e-04 -2.1890241e-04 -6.0664993e-02 -2.8118005e-01]

7のとき：
第0列: [ 0.04745726  0.0206436  -0.03736466 -0.14906318]
第1列: [ 0.05805859  0.01114081 -0.06220492 -0.24624972]
第2列: [ 0.97324675  0.00684167 -0.02100888 -0.33238456]

randomのとき：
第0列: [ 0.05304604  0.01086329 -0.04798416 -0.22730887]
第1列: [ 0.05928379  0.00524596 -0.07742143 -0.22556396]
第2列: [ 0.94603497  0.00530789 -0.01029326 -0.3563454 ]







m = 2
0: 
[0.2985913180050276, 0.30508525665058583, 0.059670073298400954]
-7: 
[0.30684602732032984, 0.3413691778044862, 0.06633001989118051]
random:
[0.4058634668753333, 0.42003566199564013, 0.07055978781844366]
7: 
[0.47620050151202886, 0.4841070258871507, 0.09234396242861208]